11111111111111111111111111111111
10100000000000100000000000001000
10101111111110101111111110101110
10101000000000100010000010100000
10111011111111111011101010111110
10100010000000000000001010001000
10101110111111101111111111101011
10100000101000100010000000001000
10111011101010111110111111111110
10001010001010100010000010000010
11101010101010101011111011111010
10001000101010001000001000001010
10111111101011111111101011101010
10001000001000100000101000101010
11101111111110101110101110101010
10001000001000101000101000101000
10111011101011111011101110101110
10000010101010001000100010100010
11111110101010101010111011111010
10000010001000101010001000000010
11101010111110101011101111111110
10001010000010101000100010000000
10111111111011101111111010111111
10000010001000001000000010001000
10111010101111111011111011101010
10001000100000000010000010101010
11101111111111101110111110101110
10001000001010001010000000101000
10111011101010111010111111101011
10001010101010001000100000101000
11101010101011101111101110101110
10000010000000100000000010000000
