11111111111111111111111111111111
10100000000000001000000000000000
10111111111011111011111111111010
10100000001010000010000010000010
10101111101010111110111010111110
10100000100010000010100010100010
10101110111011111010111110101110
10101010100000001000100000100000
10101010101111111110101111101111
10100010101000100010101000100000
10111010111010101010101010111111
10100010000010101000100010000000
10111111101110101111111111111110
10000000100010100010001000100010
11111110101110111010101011101010
10000010101000001000101010001000
10111110111011111111101010101111
10000010001000000000100010101000
10111011101111101011111010111010
10001000101000101000001010000010
11111110101010111010111011111110
10000000100010001010000010000000
10111111111111101011111110111110
10001000001000001000000010100000
10101010111011111110111110101111
10100010000010000000100000100000
10111111111111101111101111111111
10100010001000100000100000000000
10101010101010111110111110111110
10101010100010000010100010000010
10101010111111111011101011111110
10001000100000000000001000000000
